9787506557252 
9787213040313 
9787547004401 
9787508052724 
9787545201239 
7806856819 
7532130924 
7532130894 
9787216049498 
9787506343572 
9787540443924 
9787301116042 
9787301116039 
9787301116026 
9787301116013 
9787543044555 
7530644327 
9787503541155 
9787503541995 
7107141775 
9787506557290 
9787507831399 
9787506557320 
9787807030933 
9787807030925 
9787807030917 
9787807030909 
9787509802991 
750006053X
9787107163685 
750006117X
9787503536991 
9787801167156 
750006196X
9787560146386 
750006182X
9787538726473 
9787538726466 
9787538726459 
9787538726442 
9787538726435 
9787538726428 
9787538726411 
9787538726404 
9787538726398 
9787538726381 
9787538726367 
9787538726350 
9787538726343 
9787538726336 
750006019X
750006022X
9787503541452 
9787801169426 
9787801167248 
7810645382 
7107125087 
9787209048545 
9787010089256 
9787303106400 
9787511700704 
9787561755228 
9787212029760 
9787540442620 
9787540439156 
9787500838227 
9787544407892 
9787540439163 
9787547005989 
9787547005972 
9787547005965 
9787547005958 
9787212034481 
9787806806939 
9787806806938 
7806467688 
9787212032951 
9787500845218 
9787500841128 
9787544411370 
9787500845232 
9787500845249 
9787500841104 
9787811121636 
9787500841111 
9787562139157 
9787303095957 
7561747977 
9787544413176 
9787107210600 
9787303089901 
7534361508 
9787544400893 
7562232180 
9787802119130 
9787802119123 
9787802118881 
9787802118225 
9787802118218 
9787802118171 
9787802118164 
9787802118157 
9787511701121 
9787511700155 
9787511700094 
9787563919604 
9787505418011 
9787801459992 
9787534384219 
9787802285446 
9787510401411 
9787802116580 
9787505424241 
9787505423299 
9787505422391 
9787505422148 
753437216X
9787534390913 
9787534385216 
9787534380228 
9787807038405 
9787802289437 
9787802288287 
9787802286887 
9787802286337 
9787510408533 
9787510407475 
9787510406553 
9787510405365 
9787510403606 
9787510401657 
9787510401640 
9787510400773 
9787510400766 
9787802116603 
9787303084975 
9787505417007 
9787561769072 
9787562240679 
7534376459 
9787544417600 
9787807038436 
9787807038429 
9787807038412 
9787811193763 
9787501558605 
7107194267 
9787107207242 
7107188763 
7107185179 
710719853X
9787303096985 
9787303095926 
9787505421530 
9787505419902 
9787561769782 
9787561749616 
9787562238713 
9787802513822 
9787802513716 
9787544418683 
9787544418676 
9787811199321 
9787530958506 
9787501189830 
9787510407567 
9787802116573 
7802112117 
9787501192670 
9787303098927 
9787505423596 
9787533452261 
9787533440633 
9787561773789 
9787562237952 
9787544412520 
9787807039358 
9787802340626 
9787802340619 
7107164473 
7107174118 
9787303095933 
7107177621 
7107177230 
9787107198434 
7561706219 
9787510409257 
9787510409240 
9787510408267 
9787510403873 
9787107198311 
9787563919771 
9787563919751 
9787563919741 
9787563913107 
9787303095919 
9787505424043 
9787505423282 
9787505422551 
9787505422544 
9787505421455 
9787561771426 
9787562235682 
9787560155470 
9787544420341 
9787544416269 
9787544413398 
9787807039105 
9787811191653 
9787562127864 
9787501190829 
9787510407826 
9787510406058 
9787510404610 
9787510403828 
9787510402494 
9787500843702 
9787802118782 
9787802118775 
9787802113404 
7561743548 
7561742193 
7107184725 
9787303106998 
9787303101863 
9787303101412 
9787303098200 
9787303095902 
9787533452667 
756174806X
9787562238881 
9787562238560 
7562227896 
7562225672 
7562225516 
9787560147048 
9787560147031 
9787560147024 
7534370108 
9787562146032 
9787562146025 
9787562145721 
9787562145363 
9787562145356 
9787562145349 
9787562145332 
9787562145202 
9787562144427 
9787562144410 
9787562144403 
9787562144397 
9787562144380 
9787562144373 
9787562144366 
9787562144359 
9787562144342 
9787562144335 
9787562143833 
9787562143802 
9787562143468 
9787562143109 
9787562140108 
9787562140085 
9787562140078 
9787562139768 
9787562138150 
9787501190966 
9787802118355 
9787802118338 
9787802114302 
9787802119307 
9787505423985 
9787505423374 
9787505423367 
9787505423350 
9787505423343 
9787505423336 
9787505422964 
9787505422940 
9787505422933 
9787505422728 
9787505422346 
9787505421943 
9787505421936 
9787505421929 
9787505421912 
9787505421882 
9787505421875 
9787505421493 
9787505421271 
9787505421264 
9787505421196 
9787505420038 
9787560249827 
9787560249803 
9787560249797 
9787560249780 
9787560243320 
9787560243313 
9787533451028 
9787561778623 
9787561771174 
9787561740644 
9787561732472 
7561745923 
7561745176 
9787560149301 
9787560147277 
9787560147260 
9787560147253 
9787560147246 
9787560147239 
9787560147222 
9787560144306 
9787560144283 
9787560144269 
9787560144252 
9787560144191 
9787560144184 
9787560141206 
9787534376993 
9787534376290 
9787501191215 
9787501190256 
9787501186280 
9787801875648 
9787510409653 
9787510407994 
9787510407086 
9787510406256 
9787510404115 
9787510401763 
9787510401053 
9787510400179 
9787500843900 
9787511702050 
7802112100 
7801099600 
9787107127540 
7107185462 
9787303106714 
9787533451653 
9787533412425 
9787544419758 
9787501190898 
9787501184699 
9787500847120 
9787500841562 
9787563919721 
9787303106677 
9787505423329 
9787505423015 
9787505421523 
9787505421134 
9787505421097 
9787533452179 
9787533451622 
9787533451615 
9787561770474 
9787561744598 
9787562236849 
9787560145235 
9787560145228 
9787560136387 
7534378117 
7534375053 
7534371147 
9787539937410 
9787807039945 
9787807039310 
9787807037712 
9787807033525 
9787811198652 
9787810645850 
9787530956892 
9787503939303 
9787562142973 
9787562145035 
9787501192397 
9787501192380 
9787501188772 
9787801874825 
9787510409066 
9787510404368 
9787500845461 
9787802117501 
9787802117495 
9787802117488 
9787802113787 
9787303103935 
9787303088751 
9787562236313 
9787534375095 
9787530957707 
9787530957660 
9787543043756 
9787543043619 
9787802116351 
9787563921202 
9787563921172 
9787563921111 
9787303091935 
9787533451509 
9787533451493 
9787561775356 
7561748566 
7561746849 
7562233500 
9787561339176 
9787545204469 
9787811192025 
9787811190236 
9787811190212 
9787810397544 
7562137277 
9787501184613 
9787510408625 
9787510015960 
9787806808115 
9787806808009 
9787806807996 
9787806807989 
9787806807972 
9787806807965 
9787510407543 
9787303098361 
9787505420663 
9787505420656 
9787505420564 
9787533446918 
9787219067352 
9787219063118 
9787561766965 
7561745478 
9787562238133 
9787562237549 
7562235439 
7562225508 
9787560152462 
9787560151120 
9787214052599 
9787539934853 
9787539036151 
9787544242868 
9787544417808 
9787811198676 
9787811198645 
9787811196856 
9787811195187 
9787811195163 
9787811194647 
9787811191967 
9787811190229 
9787810397537 
9787113108700 
9787113108694 
9787113108687 
9787113108670 
9787113108663 
9787113108656 
9787113108540 
9787113108533 
9787113108526 
9787113108519 
9787113108502 
9787113108496 
7562130043 
9787501192427 
9787510406911 
9787510403866 
9787500835141 
9787506346924 
9787107199820 
9787560249810 
9787560243283 
9787561745489 
9787540739775 
9787500843405 
9787500840138 
9787303095940 
9787533450670 
9787533447731 
9787533443740 
9787542846631 
9787807036029 
9787802117594 
9787506348287 
9787303087228 
9787219069127 
9787539936017 
9787530956854 
9787543044746 
9787303083602 
9787533452698 
9787533447618 
9787562237457 
9787562237433 
7562228507 
9787503322181 
9787534376276 
7534377005 
9787547500767 
9787547500750 
9787547500743 
9787547500736 
9787547500729 
9787500841173 
9787563919284 
9787561767085 
9787561740064 
7562218555 
9787811199499 
9787811199338 
9787811195194 
9787811195156 
9787811195132 
9787565600210 
9787501192441 
9787501183210 
9787501127955 
9787500844099 
9787500840947 
9787807535591 
9787807535140 
9787807591382 
9787543043541 
9787500841890 
9787533447755 
9787811198669 
9787307059061 
9787500843245 
9787500843238 
9787533450373 
9787561739891 
7561748043 
7561746202 
9787562238607 
9787562237082 
9787562235941 
9787562229759 
7562225540 
7562224498 
7562218889 
9787544420037 
9787544419376 
9787544414579 
9787807401056 
9787810647792 
9787113107376 
9787113107369 
9787113107352 
9787113107345 
9787113107338 
9787307058361 
9787501192632 
9787811128291 
9787507818031 
9787807591405 
9787530649602 
9787807533573 
9787561746240 
9787561739723 
7561749953 
756222031X
9787561344514 
9787500842606 
9787500841470 
9787802119024 
9787542846068 
9787811195170 
9787807591399 
9787811196313 
9787533450977 
9787307058972 
9787307058101 
9787811195125 
9787563917839 
9787563917822 
9787563917815 
9787563917808 
9787533451660 
9787533450038 
9787533443757 
756222580X
9787562223320 
7562226962 
9787544420778 
9787544410465 
9787807036043 
7806857236 
9787807069133 
9787807069119 
9787807069102 
9787807069096 
9787807069089 
9787807069072 
9787547601372 
9787811193343 
9787530956922 
9787530956908 
9787530956861 
9787113105662 
9787113105655 
9787113103545 
9787113103538 
9787113103323 
9787307055087 
9787562137293 
7562122652 
9787500843276 
9787500843269 
9787500843252 
9787507827545 
9787219067260 
7562220123 
7562233527 
9787806806014 
9787806806013 
9787806806012 
7562122601 
9787500839316 
7562231508 
7562227748 
9787807065906 
9787807065838 
9787562138754 
9787801091727 
7506332485 
9787219057124 
710710375X
9787107166921 
9787303093953 
9787533450960 
9787533450212 
9787561770818 
7562225478 
9787544411103 
9787544406512 
9787806858158 
9787807065029 
9787807064985 
756223437X
9787538728651 
9787538728644 
9787538728637 
9787538728620 
9787538728613 
9787538728606 
9787544413060 
9787544411097 
9787107133664 
9787500079217 
9787307055551 
9787562237297 
9787544708937 
7307045648 
9787530652145 
9787561772324 
7561747721 
7562229230 
9787544406949 
9787807068068 
9787807068051 
9787807067993 
9787538727227 
9787538727210 
9787538726831 
9787538726824 
9787538726817 
9787811122909 
9787811129441 
9787544404815 
9787533452674 
7532130665 
9787541526633 
9787541526626 
9787541526619 
9787541526602 
9787533926281 
9787533926274 
9787500079514 
9787540444372 
9787533450618 
9787563922307 
9787503851438 
9787561760635 
7802500983 
7802500976 
9787200079777 
9787503857300 
9787503855252 
7107183869 
7107183508 
9787503852695 
9787561774748 
7802501690 
9787563922970 
9787563922987 
9787561762745 
9787561772362 
9787561772348 
9787561759608 
7802502833 
7802501720 
7802501225 
9787561777701 
9787561756010 
9787307054745 
9787212033569 
9787561777060 
9787561773062 
9787503847677 
7802501706 
7802501621 
9787107214769 
9787561760161 
9787561759851 
7107184946 
7107171046 
7107138987 
9787563922956 
7107139797 
7107184997 
7107155644 
9787219064689 
9787561771631 
9787561769461 
9787561763667 
9787561763656 
9787561763643 
9787561763636 
9787561755990 
9787561755983 
9787561755303 
9787561751657 
9787561750667 
9787561750568 
7802503137 
7536615655 
9787561755266 
7503828781 
7107139762 
9787807304265 
9787807304210 
9787503847844 
7107139827 
9787200076035 
9787303103997 
9787802206250 
9787802206151 
9787802205680 
9787503856785 
9787503852848 
9787503847875 
9787503847868 
7503843551 
7503832673 
7503828870 
7107139789 
7802502703 
9787563922932 
9787807304227 
9787503852053 
7503833491 
7503828862 
9787212022099 
9787212022068 
9787563922963 
9787563922925 
9787563922918 
9787807304258 
9787807304241 
750383708X
9787503856181 
9787503854392 
9787503853777 
9787503852435 
9787503851247 
9787503851100 
9787503850943 
9787503847851 
7503838655 
7503838272 
7503837470 
7503830603 
7107139770 
9787561747704 
9787561747698 
7107139800 
9787212022082 
9787212022075 
9787807304234 
9787503847240 
9787503847233 
9787503847226 
7503841176 
7503834803 
7503828919 
7801685032 
7107139754 
9787107195945 
9787107170485 
7503838663 
7307050803 
9787503847264 
7503841168 
7503837063 
7503833483 
7503831359 
7503826010 
7503824573 
7107139843 
7107139819 
9787503852299 
7503823526 
9787107210181 
7503829036 
7503828951 
7503823550 
9787563919582 
9787563919575 
9787563919568 
9787563919551 
9787563919544 
9787563919537 
9787563919521 
9787563919513 
9787563919506 
9787563914491 
750382350X
9787503852282 
7503824050 
7503823542 
7503823534 
7503823518 
7503823216 
9787530371138 
9787530371121 
9787530371107 
9787530371091 
7107175475 
9787503852275 
7503826207 
7107139835 
9787802205192 
9787802205185 
9787530649749 
9787544415477 
9787562147619 
9787562145271 
9787562121602 
9787540441265 
9787530656389 
9787530649732 
9787562147572 
9787562147299 
9787530651971 
9787530646168 
9787303098538 
9787107204517 
9787544416146 
9787807259268 
730705017X
7307050189 
7307050162 
7307050154 
9787562143253 
9787562141877 
9787562138068 
9787500934424 
9787562147282 
9787562142942 
9787122085009 
9787122084644 
9787122084538 
9787122081582 
9787122081568 
9787562145189 
9787504334227 
9787530656181 
9787530651766 
9787562122739 
9787504335924 
9787530655085 
9787530650813 
9787530655092 
9787562147138 
9787562145288 
9787562125259 
9787562122722 
9787504335533 
9787562124740 
7562118752 
9787530649121 
9787303098521 
9787303087525 
9787806905753 
9787504335657 
9787504345962 
9787562446361 
9787562446354 
9787562445975 
9787562445470 
9787122061577 
9787122061560 
9787122057938 
9787122057921 
9787562144106 
9787107210501 
9787530649855 
9787530649138 
9787530649114 
9787530645734 
756213569X
9787562137368 
9787562117407 
7562135681 
9787562445555 
9787530649831 
9787303098514 
9787539924960 
9787562147480 
9787562145172 
9787562117162 
9787562102335 
9787504352699 
9787122070166 
978750433510x
9787504335703 
9787543848276 
7107197118 
9787530656662 
9787530646106 
9787122040206 
9787500929579 
9787544420464 
9787807595137 
9787807591887 
9787547006221 
9787547006184 
9787547000540 
9787562141990 
9787562122463 
9787544707299 
9787544705653 
9787107175664 
9787530656341 
9787807958329 
9787807598312 
9787807595175 
9787807595168 
9787807595151 
9787530656334 
9787530646403 
9787500931089 
9787562115960 
7562136904 
9787544707275 
9787544705677 
9787504334200 
9787504334162 
9787530646311 
9787530646304 
9787500926669 
9787562137214 
9787562122197 
7562136890 
9787544707268 
9787562450380 
9787562449740 
9787543043817 
710718072X
9787544413381 
9787544707282 
9787544705660 
9787543848733 
9787107198953 
9787530645758 
9787530645581 
9787543848726 
9787543848399 
9787543848382 
9787807963310 
9787544412865 
9787547003350 
9787547003343 
7562135029 
9787544705646 
7107111604 
9787543836822 
9787543829930 
9787122072887 
9787122071644 
9787562136040 
9787543833517 
9787543832015 
9787507831603 
9787543830479 
9787562120469 
7562136505 
7107158333 
7562135703 
710716483X
9787500936015 
9787500931935 
9787500931492 
9787562141846 
9787562138976 
9787562135982 
9787562120452 
9787107198946 
9787504334650 
9787500936022 
9787500929581 
9787122066398 
9787500933953 
9787532624478 
9787544419642 
9787807595144 
9787547006214 
9787547006207 
9787547006191 
9787547003336 
9787547003329 
9787500840466 
9787122066992 
7107180622 
9787500935445 
9787500930487 
7562131295 
7562127948 
9787107201097 
7107171798 
9787107203657 
9787562118770 
9787500928621 
7806461116 
7805117330 
9787562143796 
9787562133148 
9787562123903 
7562130280 
9787504336742 
9787107203350 
7107158902 
7107180835 
9787539936888 
9787539936871 
9787539936864 
9787539936857 
9787539936840 
9787500935452 
9787500935438 
9787500930097 
9787807259770 
9787807259657 
9787807259626 
9787807259237 
9787807259053 
9787807259022 
9787807259015 
9787807259008 
9787562121688 
9787562107514 
7562136858 
7562131287 
7806461191 
7107180908 
9787500923503 
9787807259787 
9787807259763 
9787807259732 
9787807259725 
7562128936 
9787533926342 
9787533926311 
9787107205118 
9787807259718 
9787807259695 
9787807259688 
9787807259671 
9787807259701 
9787107208379 
9787807259756 

9787222061071 
9787222060555 
9787507829037 
9787544506922 
9787507828689 
9787507828627 
9787222061088 
9787507829112 
9787507829068 
9787507829044 
9787507828665 
9787507828603 
9787507829099 
9787507829075 
9787507828696 
9787507828658 
9787507828641 
9787507828597 
9787544711081 
9787222060562 
9787507829082 
9787802118034 
9787507829020 
9787507829051 
9787544712217 
9787507828672 
9787544712101 
9787507828610 
9787544709309 
9787802118027 
9787802118010 
9787544712170 
9787544711975 
9787544709286 
9787544709279 
9787544709217 
9787544708982 
9787544709316 
9787212031954 
9787212031947 
9787212030964 
9787544710015 
9787544707947 
9787544708999 
9787544711388 
9787544709224 
9787507829105 
9787544710572 
9787212030971 
9787544708081 
9787201062938 
9787201062259 
9787201061931 
9787201061818 
9787201061801 
9787201061788 
9787201061771 
9787201061757 
9787201061740 
9787201061726 
9787201061702 
9787201061696 
9787201061672 
9787201061665 
9787201061658 
9787541539022 
9787541539015 
9787541539008 
9787541538995 
9787541538988 
9787541538971 
9787801898883 
9787801898548 
9787506555654 
9787506554268 
9787506554190 
9787547004951 
9787222061194 
9787507829785 
9787801098498 
9787801098474 
9787506341837 
9787530648162 
9787530647745 
9787530646939 
9787303030071 
9787505422865 
9787505419940 
9787505419087 
9787505419070 
9787802287846 
9787802287006 
9787802286993 
9787500082576 
9787802117792 
9787802116078 
9787511701930 
9787506331821 
9787541432781 
9787541432774 
9787530648001 
9787506346856 
9787506340069 
9787505417656 
9787505418158 
9787544421997 
9787222058972 
9787222058965 
9787802117884 
9787530652367 
9787020074327 
7805115796 
9787222049918 
9787505422261 
9787533452186 
9787561775257 
9787561775165 
9787561774939 
9787561774922 
9787561772720 
9787561772713 
9787561772706 
9787561772690 
9787561772683 
9787561772676 
9787561772669 
9787561772584 
9787122085405 
9787560149790 
9787560149783 
9787560149766 
9787539933894 
7801125215 
7020034632 
9787802288560 
9787500846413 
9787500846406 
9787500846390 
9787500846383 
9787500845324 
9787500844143 
9787500842897 
9787500842880 
9787500842873 
9787500840909 
9787500838258 
9787507828498 
9787503424946 
780128609X
7802502918 
9787802118720 
9787802118706 
9787511700919 
7506324695 
9787542843623 
9787530652763 
9787530648308 
9787530645628 
9787200071757 
9787563920693 
9787505418349 
9787560154312 
9787560154305 
9787560154299 
9787560154282 
9787560154275 
9787560154268 
9787560154251 
9787560154244 
9787560154237 
9787560154220 
9787560154183 
9787560154169 
9787560154152 
9787560154145 
9787560154138 
9787560154121 
9787560154114 
9787560154107 
9787560154084 
9787560154060 
9787560154053 
9787560154039 
9787560154015 
9787560154008 
9787560153995 
9787560153988 
9787560153971 
9787560153964 
9787560153957 
9787560153940 
9787560153933 
9787560153926 
9787560153919 
9787560153902 
9787560153896 
9787560153889 
9787560152882 
9787560152875 
9787560152868 
9787560152851 
9787560152844 
9787560152820 
9787560152813 
9787560152790 
9787560152783 
9787560152776 
9787560152769 
9787560152752 
9787560152745 
9787560152738 
9787560152721 
9787560152714 
9787560152707 
9787560152691 
9787560152684 
9787560152677 
9787560152660 
9787560152653 
9787539931715 
9787807326069 
7806315323 
9787545204346 
7806859766 
7806858134 
7806856840 
7806856833 
7532130916 
9787533928698 
9787500842958 
9787500837916 
9787802118836 
9787802118072 
9787802117082 
9787802116108 
9787802115620 
7511703736 
9787536686731 
9787536686199 
9787536685338 
9787530652749 
9787530648025 
9787533451912 
9787533451189 
9787533450892 
9787505117358 
9787505117266 
9787505117259 
9787505117242 
9787505117235 
9787505117228 
9787505114418 
9787540442613 
9787539935195 
9787503319945 
7505609921 
9787801416773 
9787501188444 
9787544709156 
9787222058897 
9787222058835 
9787500082538 
9787500846482 
9787500841449 
9787500841364 
9787500840718 
9787500832416 
9787500832393 
9787500832386 
9787500832379 
9787507830729 
7507827151 
7507826791 
9787806204917 
9787802119826 
9787802119291 
9787802119000 
9787802118126 
9787802117945 
9787511703323 
9787511701244 
9787511700872 
"9787536696863
"
7536682859 
9787506345798 
9787506342957 
9787506342797 
9787506339391 
9787506331319 
7802286009 
7510406690 
7802503007 
9787536689527 
9787530649169 
9787530646441 
9787564021962 
9787505424166 
9787505420021 
9787122052346 
7539927565 
9787806019832 
9787547009017 
9787510405600 
9787510403408 
9787500080336 
9787500843061 
9787500839743 
9787500838890 
9787500827719 
9787511703590 
9787511702876 
9787511702333 
9787511701541 
9787511701534 
9787511701527 
9787511701336 
9787536695870 
750633528X
9787506344104 
7506339025 
7506338041 
7802501317 
9787530652381 
9787530650233 
9787530648483 
9787200081138 
7530207793 
7200063916 
7200063820 
9787505423855 
9787505419100 
9787533452223 
9787533452216 
9787533452209 
9787533451196 
9787539931524 
9787506554244 
9787506554183 
9787501186037 
9787544709149 
9787500846130 
9787500846123 
9787500846000 
9787500845560 
9787500845379 
9787500843436 
9787500843191 
9787500841678 
9787500841296 
9787500841227 
9787500840473 
9787500840176 
9787500839521 
9787500838609 
9787500825289 
9787511702777 
9787511701343 
9787536695160 
9787536693173 
7536676883 
7536632355 
7506332612 
9787540443542 
9787500846185 
9787500845638 
9787500842750 
9787530634103 
9787539935218 
9787020074648 
9787020074150 
9787020072187 
9787222058903 
9787530652978 
9787020073634 
9787020072200 
9787807030887 
9787104031642 
9787802342491 
9787500841432 
9787500841388 
9787536639102 
9787506342599 
9787506341257 
9787506339964 
7506332655 
9787805013831 
9787122085344 
9787500847090 
7802500709 
9787530655030 
9787530652268 
9787530649091 
9787530649077 
9787506038423 
9787801388025 
9787216054362 
9787122059642 
9787539935201 
9787539932897 
9787503321061 
9787802513266 
7505608573 
7505608566 
7505608559 
9787020078325 
9787020072583 
9787542847737 
9787806859162 
9787530958773 
7307049341 
9787510406904 
9787510406386 
9787500843344 
9787500840381 
9787500838685 
9787503426094 
9787802117273 
9787802116191 
9787511702869 
9787511702852 
9787511702845 
9787511700216 
9787536683518 
9787506340786 
7506338783 
7506329174 
9787530648124 
9787020078332 
9787020074488 
9787501186792 
9787536683525 
9787536639119 
9787530656068 
9787530655146 
9787530649930 
9787530647851 
9787530647479 
9787200078153 
7200061604 
7200060128 
7200059080 
9787303084425 
9787539931012 
7539927572 
9787020078318 
9787020075645 
9787020072194 
9787806858721 
9787545201734 
9787501184675 
9787222058910 
9787222058392 
9787500082521 
9787500082422 
9787802340961 
9787500841418 
9787500841319 
9787500840831 
9787802219526 
9787802218819 
9787802212282 
9787511900678 
7801697634 
9787802119239 
9787229000561 
7536670389 
9787506334662 
7506332825 
9787535837936 
9787535837929 
9787511701183 
9787805013695 
9787805013688 
9787530208151 
9787530119891 
9787564028626 
9787505422506 
9787505422308 
9787505420502 
9787505420328 
9787505419810 
9787505419674 
9787505419612 
9787505419155 
9787505418639 
9787505417816 
9787505417809 
9787505417694 
9787505416949 
9787533452346 
9787533452247 
9787533452162 
9787219066362 
9787535838377 
9787540441722 
9787540439682 
9787540423933 
9787122074379 
9787122071118 
9787122070708 
9787122068828 
9787122058836 
9787122058577 
9787122058010 
9787122058003 
9787539935270 
9787539932934 
9787539931609 
9787539035253 
9787802513242 
9787802513235 
9787802512399 
9787806806982 
9787807593249 
9787547003695 
9787503940057 
9787540542542 
9787540542511 
9787802287204 
9787510406508 
9787510400865 
9787544708609 
9787541535352 
9787541535345 
9787500846581 
9787500846369 
9787500844785 
9787500844617 
9787500844471 
9787500841913 
9787500840213 
9787500840190 
9787500839620 
9787806205907 
9787801099921 
7229003555 
9787506351591 
9787212034511 
9787212034498 
9787212018818 
9787544705745 
9787530652152 
9787530651728 
7530641078 
753020839X
9787530209936 
7805013519 
7200060292 
9787563923694 
9787505418844 
9787533451929 
9787122076472 
9787122058560 
9787122045133 
9787539937298 
9787539932118 
9787539929828 
7539928869 
7806798625 
9787807597865 
9787807595632 
9787807595625 
9787307054769 
9787801889379 
9787500082569 
9787500842064 
9787500841722 
9787500841340 
9787500840664 
9787500840602 
9787802212275 
9787802119246 
9787511703606 
9787511703538 
9787511703460 
9787511703347 
9787511700698 
9787506345682 
9787506344920 
9787506343695 
9787506343558 
9787506342681 
9787506340908 
9787506337908 
7506332523 
9787505422278 
9787801458346 
7536670079 
9787212034108 
753064212X
9787530656167 
9787530652787 
9787530651889 
780501275X
753020663X
753011509X
720005626X
9787805013961 
9787805013763 
9787530208755 
9787200078077 
7805013616 
7805013608 
7805012734 
7805012718 
7530208307 
7530208153 
7530111702 
7200061018 
7200058573 
9787303085712 
9787505423152 
9787505421479 
9787505420083 
9787505420045 
9787505419735 
9787505419704 
9787505418752 
9787505418080 
9787506038591 
9787219059807 
9787219059234 
9787505117341 
9787543858824 
9787540443054 
9787540443047 
9787122079008 
9787539935478 
9787539935348 
9787539935041 
9787539933016 
9787539927619 
9787807326052 
9787506557467 
9787802513525 
7505608887 
9787227041375 
9787020078301 
9787020074617 
9787020074594 
9787020069989 
9787020069903 
9787020069866 
9787020068999 
9787100054126 
7806466401 
9787545201178 
9787530957530 
9787807597094 
9787543044685 
9787543042599 
9787307055117 
9787801888433 
9787501182985 
9787540542290 
9787802284722 
9787510400636 
9787544701754 
9787533927417 
9787533925994 
9787533925956 
9787533925932 
9787533925925 
9787500080602 
9787500080596 
9787500080589 
9787500080572 
9787500080565 
9787500080558 
9787500080541 
9787500080534 
9787500079897 
9787500079880 
9787500079873 
9787500079866 
9787500079170 
9787500079163 
9787500079156 
9787500079149 
9787500078265 
9787500078258 
9787500078241 
9787500007823 
9787500846741 
9787500846468 
9787500846345 
9787500846222 
9787500846215 
9787500845874 
9787500845492 
9787500843375 
9787500842668 
9787500841661 
9787500841159 
9787500841029 
9787500840848 
9787500840657 
9787500839705 
9787500838920 
9787500835615 
9787507813142 
9787507811988 
9787802217140 
9787802215108 
9787802119970 
9787802117389 
9787511701282 
753667628X
9787536691810 
9787536691261 
9787536691216 
9787536690370 
7536659962 
9787506348362 
9787506344845 
9787506343879 
9787506343428 
9787506343404 
9787506342056 
9787506341325 
9787506341318 
9787506338646 
9787506337151 
9787506323284 
7506335271 
7506332345 
9787541433276 
9787541433269 
9787541433252 
9787541433191 
9787543043770 
9787500844778 
7536631333 
9787544708418 
9787530655993 
9787530652275 
9787530649220 
9787530646892 
7200061069 
9787503321146 
9787807595649 
9787510400605 
9787533925987 
9787533925963 
9787507827170 
9787506343305 
7506335239 
9787541433238 
9787541433221 
9787541433214 
9787505611672 
9787505611665 
9787505610156 
9787224090987 
9787541740022 
9787503945960 
9787503941047 
9787543041707 
9787510407925 
7800879062 
9787500846314 
9787500844570 
9787500840107 
9787511701893 
7020033458 
9787212034641 
9787212034634 
9787530651704 
9787530651353 
753020727X
753010926X
720005013X
7805012806 
7805012726 
9787564029494 
9787564021894 
9787505422339 
9787505421592 
9787505419872 
9787505416901 
978721905601X
9787543862289 
9787540439675 
9787561771822 
9787539934730 
9787539934723 
9787539933917 
9787539931708 
7807321122 
7503318597 
7503318201 
9787544243728 
9787544233859 
9787227042440 
9787010082417 
9787020069828 
9787100067584 
9787545203042 
9787540535469 
9787544709859 
9787222059009 
9787533927400 
9787500845966 
9787500845959 
9787500845287 
9787500844273 
9787500841715 
9787500841708 
9787500841692 
9787500840862 
9787500839972 
9787500839484 
9787507816938 
9787802217720 
9787802216266 
9787802115828 
9787511702081 
9787511700308 
9787536691353 
9787536691285 
9787536691278 
9787536691230 
9787536691223 
7536673019 
9787506348355 
9787506345880 
9787506345620 
9787506345545 
9787506343565 
9787506342629 
9787506340717 
7506333082 
7506330067 
9787505418899 
9787541433245 
9787541433207 
9787535838360 
9787802287655 
9787802287563 
9787541535567 
9787541535550 
9787500845614 
9787802212725 
9787802212718 
9787536682818 
9787530646236 
780501289X
720005691X
9787530208830 
7530208684 
7200063266 
7200062724 
9787563923342 
9787564028862 
9787564028855 
9787564019938 
9787564019921 
9787564019471 
9787564019440 
9787564019433 
9787564018788 
9787564018580 
9787564018573 
9787564017591 
9787564016586 
9787303084432 
9787537833332 
9787505423893 
9787505423725 
9787505421011 
9787505420496 
9787505419865 
9787505419742 
9787505419650 
9787505419278 
9787505418127 
9787541433559 
9787506036726 
9787506036153 
7506034549 
9787533451899 
9787533451646 
9787535837899 
9787535837882 
9787535837875 
9787535837868 
9787535828781 
9787535827975 
9787535827951 
9787535827135 
9787535827128 
9787540444792 
9787540444785 
9787540444778 
9787540444761 
9787540444754 
9787540444747 
9787540440503 
9787122086990 
9787122086372 
9787122070777 
9787122070760 
9787122070753 
9787122057471 
9787122057464 
9787122057457 
9787122057433 
9787122057426 
9787539937434 
9787539935362 
9787539935355 
9787539935010 
9787539932989 
9787802513402 
9787802512566 
7505608010 
7505607952 
7505607936 
7505607927 
9787020072217 
9787020069729 
9787561333129 
780646980X
9787807401148 
9787806859964 
9787201065526 
9787201063669 
9787201062884 
9787201061887 
9787201061870 
9787201061863 
9787201061856 
9787201061849 
9787201061832 
9787807598572 
9787807591498 
9787547004968 
9787503943942 
9787503943928 
9787503943881 
9787503943744 
9787503942747 
9787503942426 
9787503942297 
9787503942280 
9787503942273 
9787503941221 
9787503940385 
9787503939266 
9787543043794 
9787543041479 
9787802440821 
9787801889355 
9787501191017 
9787530745779 
9787540541743 
9787540540807 
9787540540647 
9787540535575 
9787540535476 
9787802289536 
9787802287709 
9787510409226 
9787510409080 
9787510408397 
9787510408045 
9787510406898 
9787510406881 
9787510405860 
9787510401152 
9787510401015 
9787544708883 
9787544708449 
7805679711 
9787533925949 
9787802343207 
9787500846451 
9787500845980 
9787500845362 
9787500843313 
9787500843085 
9787500843078 
9787500842521 
9787500842149 
9787500842095 
9787500841395 
9787500840596 
9787500839750 
9787500839606 
9787500838777 
9787500830641 
9787802219007 
9787802218970 
9787802218093 
9787802218086 
9787802217737 
753667032X
9787536698079 
9787536691872 
9787536672956 
7536677170 
7536673833 
9787506347198 
9787506346207 
9787506346153 
9787506346023 
9787506345781 
9787506344944 
9787506344869 
9787506341547 
9787506341363 
9787506340687 
9787506339971 
9787506339414 
9787506339247 
7506337894 
7506336324 
9787801459817 
9787801459572 
9787219064139 
9787219064122 
9787219064061 
9787219064054 
9787219064047 
9787219064030 
9787219060940 
9787543856196 
9787543856172 
9787543856165 
9787543856158 
9787543856141 
9787543853652 
9787543853454 
9787543853270 
9787561776315 
9787561776308 
9787561776292 
9787561776285 
9787561776278 
9787561773925 
9787561773918 
9787561773901 
9787561773895 
9787561773888 
9787561773871 
9787561773864 
9787561773857 
9787807591849 
9787503939679 
9787540535803 
9787540535582 
9787500846192 
9787506344517 
9787530206393 
9787530206379 
9787505419124 
9787506036467 
9787506036252 
9787506036054 
9787219056028 
9787540441302 
9787539935034 
9787539935027 
7539928647 
9787020078356 
9787532133130 
9787807598381 
9787807598367 
9787544705691 
9787500080404 
9787500080374 
9787500079309 
9787500079279 
9787500078906 
9787500078890 
9787500078883 
9787500078876 
9787500078869 
9787500078852 
9787500844754 
9787500843788 
9787500843771 
9787500841784 
9787500840053 
9787500840008 
9787507813128 
7801698541 
7801697510 
9787506341165 
7506334011 
9787200075152 
9787212030056 
9787200073201 
9787200073195 
9787200073171 
9787200073157 
9787200073133 
9787200073126 
9787200073119 
9787200073102 
9787200073096 
9787200073089 
9787200073072 
9787200073065 
9787200073058 
9787200073027 
9787200073010 
9797505422162 
9787801459602 
9787801459176 
9787801456182 
9787224092349 
9787503938542 
9787543041714 
9787543041318 
9787540535841 
9787540535278 
9787802287624 
9787500840206 
9787536697317 
7536632178 
9787212034603 
9787212034597 
9787530652619 
9787530652404 
9787530650936 
9787530650073 
9787530647653 
753020761X
9787301151228 
9787301151211 
9787301151204 
9787301151198 
9787506036160 
9787535836953 
9787535836809 
9787560155081 
750331821X
7503318295 
7503318279 
7503318260 
7503318139 
7503318090 
7503317728 
9787020075669 
9787020069668 
9787020066339 
9787209048231 
9787542847386 
9787545204193 
9787545204186 
9787532133871 
9787532130580 
9787547000533 
9787537833363 
9787503941238 
9787802286412 
9787222058385 
9787533929022 
9787533929015 
9787533928995 
9787533928957 
9787533928940 
9787533928896 
9787533928872 
9787500840398 
9787500839989 
9787500838340 
9787536686670 
7536670370 
750633724X
750632976X
9787506348263 
9787506345590 
9787505418837 
9787219063804 
9787219058268 
9787543846586 
9787535850768 
9787535837912 
9787535837905 
9787535836960 
9787807326915 
9787807326885 
9787224086645 
9877530958339 
9787541735646 
9787543043558 
9787540535780 
9787540535483 
9787540535353 
9787802286689 
9787500840220 
9787500833659 
9787506347389 
9787544706735 
9787212034566 
9787212034467 
9787530651025 
720005660X
720005366X
7530208382 
7200062066 
7200061271 
9787564021917 
9787505421318 
9787505420601 
9787505420588 
9787505420571 
9787505420052 
9787505419667 
9787505419032 
9787505418851 
9787505417946 
9787541432538 
9787541432521 
9787541432514 
9787541432507 
9787541432491 
9787506038119 
9787506036740 
9787219069615 
9787219069608 
9787535837608 
9787535836922 
9787539931166 
7539928159 
7503318309 
7503318171 
7503318155 
7503318120 
7503318112 
9787020072903 
9787020072880 
9787020067596 
9787020065967 
9787020033447 
9787532627004 
9787532626991 
7806465561 
9787545204285 
9787530957387 
9787807595526 
9787503939389 
9787503939334 
9787503938962 
9787802289598 
9787802287693 
9787533929046 
9787533929039 
9787533928988 
9787533928964 
9787533928933 
9787533928919 
9787533928902 
9787533928865 
9787500080435 
9787500080428 
9787500080398 
9787500080381 
9787500080367 
9787500080312 
9787500079439 
9787500079422 
9787500079293 
9787500079286 
9787500079262 
9787500079255 
9787500845928 
9787500845911 
9787500845904 
9787500845898 
9787500845829 
9787500845775 
9787500845768 
9787500845751 
9787500845171 
9787500841869 
9787500840022 
9787500840015 
9787500839842 
9787500839347 
9787500839156 
9787500839149 
9787500838876 
9787500838852 
9787500838173 
9787507827880 
9787802214675 
9787802119185 
9787802119154 
753666589X
7536680708 
7536671377 
7536665881 
7536639953 
750633741X
750633643X
9787506346986 
9787506345873 
9787506345149 
9787506341578 
9787506338387 
9787506333061 
9787506318891 
7506338745 
9787530119260 
9787200069808 
9787200069792 
9787200069785 
9787200069778 
9787200069761 
9787200069730 
9787200069723 
9787200069716 
9787200069709 
9787200069693 
9787200069686 
9787200069679 
9787200069655 
9787200069631 
9787200069617 
9787505418110 
9787219062838 
9787807535454 
9787807326908 
9787503936090 
9787543041349 
9787543041301 
9787543040939 
9787540535834 
9787540535544 
9787540535360 
9787540535308 
9787540535247 
9787540535223 
7530632221 
9787530654996 
9787530646984 
7200063517 
7503318287 
7503318252 
7503318163 
7503318147 
9787020074686 
9787540535858 
9787540535230 
9787533928971 
9787500080343 
9787506347693 
9787212030063 
9787807326892 
9787511701411 
7536631980 
9787542845344 
9787212034580 
9787212033538 
9787530650974 
9787530648346 
753020775X
753000218X
9787530125731 
9787530125717 
9787530125700 
9787530125687 
9787530125670 
9787530125663 
9787530125656 
7530208587 
7530208218 
7530208137 
7530207904 
7200060837 
7200060322 
7200059006 
7200058999 
7200058972 
7200058964 
7200058883 
7200058831 
9787301147672 
9787301147665 
9787301147641 
9787301147443 
9787301147436 
9787301147429 
9787505419803 
9787533451639 
9787219066911 
9787219066140 
9787219066096 
9787219060308 
9787219059715 
9787219056036 
9787535836779 
9787540442972 
9787539936130 
9787539935430 
9787539935287 
9787539934457 
9787539933146 
9787539931081 
9787539931074 
9787539931067 
9787539931043 
9787539930473 
7539925967 
9787807329367 
7503318376 
7503318244 
7503318104 
7503318082 
9787105086917 
9787105078400 
9787020069521 
9787020065950 
9787532627035 
9787532627028 
7807403129 
978780656960x
9787806569618 
9787806569596 
7532130401 
9787220080401 
9787530959558 
9787530959541 
9787530959534 
9787530957547 
9787530956458 
9787530956441 
9787530956434 
9787802288737 
9787802288331 
9787510401107 
9787544706728 
9787544705547 
9787222059443 
9787222058293 
9787533929008 
9787533928889 
9787802343214 
9787802341432 
7800877818 
9787500846031 
9787500841982 
9787802119581 
9787801096418 
9787511701626 
9787511701619 
9787536692282 
9787536692268 
9787536691780 
9787229000707 
7536680759 
7536680716 
7536680686 
7536680678 
750633495X
9787506347594 
9787506345910 
9787506344623 
9787506342568 
9787506340953 
7506333694 
7506331543 
720006517X
720006503X
9787200069815 
9787122068637 
9787122068453 
9787122068446 
9787122068439 
9787807591450 
9787530649626 
9787530649558 
753011672X
9787530120331 
9787530120324 
9787530120317 
9787530120310 
9787530120294 
9787530120287 
9787530108710 
9787200056359 
7200059014 
9787564022709 
9787543856974 
9787543856967 
9787543856950 
9787543856943 
9787543856936 
9787543856929 
9787543856189 
9787543853294 
9787543853287 
9787543853256 
9787543853249 
9787543853232 
9787543853225 
9787535837615 
9787535835963 
9787535835529 
9787535835512 
9787535835505 
9787540444570 
9787540444563 
9787540444556 
9787540444549 
9787540444532 
9787540444525 
9787538631760 
9787538631395 
9787538631388 
9787538628395 
9787538628388 
9787538628371 
9787538628357 
9787538628333 
9787538625028 
9787538625011 
9787206066283 
9787206065804 
9787206065781 
9787206065774 
9787206065767 
9787206065750 
9787206065736 
9787206065712 
9787206064616 
9787206061622 
9787206061608 
9787206061585 
9787206061578 
9787206058479 
9787807578376 
9787807325970 
9787538722758 
9787530955895 
9787807597872 
9787807597858 
9787503939754 
9787503939242 
9787503939174 
9787543041363 
9787543041189 
9787543041172 
9787543040953 
9787543040946 
9787501174962 
9787544700375 
9787511901149 
9787511901132 
9787511900753 
9787511900746 
9787511702708 
9787511702661 
9787511702654 
9787511702647 
9787511702630 
9787511702623 
9787511702616 
9787511702586 
9787511702524 
9787229002930 
7536670109 
9787020033430 
9787806573549 
9787530645710 
7530629328 
720005500X
9787530208786 
9787303079643 
7539927770 
7806797165 
9787020077724 
9787020071531 
9787020065974 
9787802289567 
9787802289406 
9787802288881 
9787510401909 
9787510401565 
9787501554164 
9787500080329 
9787507831573 
9787507827538 
9787507827491 
9787507827484 
7801697960 
7536638524 
9787506345538 
9787506344876 
9787506343367 
9787506324809 
7506336316 
9787219060117 
9787219060100 
9787219060094 
9787219059975 
9787219059968 
9787807326878 
9787807325925 
9787807599227 
9787511701480 
7536683995 
7536683081 
7536666721 
9787212028215 
7200058957 
9787544705639 
9787212034573 
9787212031831 
9787212028596 
9787530656327 
9787530655658 
9787530654156 
9787530651506 
720006369X
720006193X
720005898X
9787200066739 
7530208536 
7530208161 
7530207823 
7530113829 
7200063984 
7200061999 
7200061922 
7200061914 
7200059707 
7200059332 
7200059022 
9787535851710 
9787535851703 
9787535851697 
9787535831002 
9787122087256 
9787122075710 
9787539930008 
7806795790 
7503318236 
9787227042556 
9787536823082 
9787536823075 
9787532256969 
9787532256778 
9787532256693 
9787532256686 
7807400250 
9787807039262 
9787545204308 
9787545203820 
7806852174 
7806851923 
9787307065819 
9787307058224 
9787307058163 
9787307055162 
9787307055155 
7307040808 
9787510401619 
9787806577882 
9787806577233 
9787222057692 
9787533928926 
9787500081210 
9787500081128 
9787500081111 
9787500081098 
9787500081074 
9787500081036 
7800876536 
9787500833888 
9787507827460 
9787507817317 
9787507816945 
9787802205376 
9787802205369 
9787802205352 
9787802205338 
9787802205321 
9787802205277 
9787802205239 
9787802205222 
9787802203792 
9787802203785 
9787802203778 
9787802203761 
9787802203600 
9787802203587 
9787802203570 
9787802203563 
9787802203556 
9787802203532 
9787802203525 
9787802203518 
9787536692572 
9787536692565 
7536680805 
7536672977 
9787506347310 
9787506343466 
9787506343206 
9787506342032 
9787506336826 
7506332396 
7506327082 
9787530110737 
9787530110720 
9787530110713 
9787530108598 
9787530108338 
7536678010 
7536675380 
9787535837028 
9787212031268 
9787530653067 
7530642252 
7530207858 
7530207807 
9787535837035 
9787020065554 
9787500837671 
9787536689831 
9787506346825 
9787506344555 
9787506342889 
9787564019419 
9787564019303 
9787219066300 
9787219066294 
9787543851900 
9787543851894 
9787543848320 
9787543844582 
9787535835253 
9787535835222 
9787540444907 
9787540444891 
9787540444884 
9787540444877 
9787540439552 
9787540439545 
9787538629729 
9787538629712 
7806799583 
9787544709200 
9787544707183 
9787544706049 
9787544705769 
9787544704076 
9787500844181 
9787802212978 
9787511701442 
753666673X
9787229006938 
9787229006907 
9787229002978 
9787219058671 
9787530648438 
9787530645383 
753011283X
720006131X
720005951X
7530208501 
7530113071 
7530112997 
7530112857 
7200062650 
7200060097 
9787564019242 
9787564019181 
9787303079728 
9787303079612 
9787303079575 
9787541432408 
9787541432392 
9787541432385 
9787541432378 
9787541432361 
9787122059888 
7806798153 
9787500905899 
9787020077304 
9787020075218 
9787020071609 
9787020065943 
9787020062577 
9787532258062 
9787532258055 
9787532258017 
9787532257669 
9787532257232 
9787532257225 
9787532257218 
9787532257201 
9787532256952 
9787532256877 
9787532256761 
9787532256679 
7532126102 
9787113101404 
9787307066663 
9787802289116 
9787544706032 
9787544705967 
9787500080411 
9787500837664 
9787507831597 
9787511702166 
7536655576 
9787506346184 
9787506342063 
7506334798 
7506329557 
753011686X
9787530208823 
9787530208816 
9787530208809 
9787530208793 
9787530206522 
9787530119151 
9787530119137 
9787530119130 
9787530119113 
9787530119106 
9787530119052 
9787530119038 
9787530119021 
9787530119014 
9787530119007 
9787530118994 
9787530118987 
9787530118980 
9787530118963 
9787530118956 
9787530118932 
9787530110966 
9787530110935 
9787530110898 
9787530110881 
9787530108512 
9787530108307 
7530207696 
9787541433467 
9787541433450 
9787541433443 
9787541432934 
9787541432927 
9787541432910 
9787541432903 
9787541432897 
9787541432880 
9787541432873 
9787541432866 
9787541432859 
9787541432842 
9787541432835 
9787541432828 
9787541432811 
9787541432804 
9787541432798 
9787122080905 
9787544706124 
9787544705929 
9787229002183 
9787229002176 
9787303079629 
9787212031589 
9787530653050 
9787530653043 
9787530652916 
9787530652114 
753020792X
753011378X
753011333X
9787530122396 
9787530122389 
9787530122372 
9787530122365 
9787530122358 
9787530120737 
9787530120730 
9787530120713 
9787530120706 
9787530120700 
9787530120683 
7805012369 
7805012350 
7530207769 
7530113799 
7530113772 
7530113764 
7530113667 
7530113659 
7530113632 
7530113624 
7530113616 
7530113608 
7530113594 
7530113586 
9787564019495 
9787303079704 
9787303079636 
9787303079551 
9787541433931 
9787541433924 
9787541433917 
9787541433900 
9787541433894 
9787541433887 
9787541433870 
9787541433863 
9787541433856 
9787541433849 
9787540317379 
9787533451264 
9787219069363 
9787219069356 
9787219069349 
9787219069332 
9787540317010 
9787540315795 
9787535837066 
9787535837059 
9787807326076 
7807322706 
7807321989 
7807321970 
7807321962 
7806799966 
9787020072897 
9787020068302 
9787020054763 
9787544419505 
9787532258628 
9787532258567 
9787532258550 
9787532258536 
9787532257676 
9787532257287 
9787532257270 
9787532257263 
9787532257256 
9787220079115 
9787220079108 
9787807591832 
9787807591825 
9787807591474 
730705244X
9787562144434 
9787536693777 
9787536682399 
9787536682382 
9787536682375 
9787536680500 
9787506335041 
9787530119502 
7530115190 
7200059730 
9787122072122 
9787806017887 
9787307031739 
9787303079681 
9787530654750 
9787530654729 
9787303079711 
9787303079605 
9787303079582 
9787020072019 
7307052796 
9787229007102 
9787530656556 
9787530656525 
9787530656495 
9787564019396 
9787541433573 
9787540317638 
9787540317621 
9787540317614 
9787540317577 
9787219065280 
9787535837387 
9787535837370 
9787535837363 
9787806790090 
7807323303 
9787536695528 
9787536695511 
7536683111 
7200058815 
9787535837011 
9787535832337 
9787535832306 
9787535832276 
9787541534430 
9787541534423 
9787541534416 
9787541534409 
9787541534393 
9787541534386 
9787541534379 
9787541534362 
9787530655665 
7200059056 
9787564021900 
9787535836939 
9787807327325 
7807322684 
9787530646687 
9787530646656 
9787530646601 
7530643674 
7530643461 
7530643445 
7530643356 
7530643340 
7530643313 
720005979X
9787200082839 
9787200082821 
9787200082807 
9787200082791 
9787200082777 
7530207726 
7530207661 
7530110137 
7530110129 
7200059782 
7200059773 
7200059766 
7200059757 
9787541433603 
9787511001047 
9787511001030 
9787511001023 
9787511001016 
9787511001009 
9787511000996 
9787511000989 
9787511000972 
9787511000965 
9787511000958 
9787535832375 
9787539037035 
9787539034683 
7807322020 
7807322012 
9787544709170 
9787544709095 
9787544709064 
9787500846543 
9787500846536 
9787500846529 
9787500846512 
9787802212879 
9787802212862 
9787802212855 
9787802212848 
9787802212831 
9787802212824 
9787802212817 
9787802212800 
9787802212794 
9787802212770 
9787802212763 
9787802212756 
9787802212749 
9787802212732 
9787802212701 
9787802212695 
9787802212688 
9787541543586 
9787541543579 
9787541543562 
9787541543555 
9787200071207 
9787200071191 
9787544701785 
9787212033125 
753011106X
720003620X
9787530121528 
7530111300 
7530111117 
7530111109 
7530111087 
7530111079 
7530111052 
7530110691 
9787564019211 
9787564019174 
9787541432736 
9787541432729 
9787541432712 
9787541432705 
9787541432699 
9787541432682 
9787541432675 
9787535852335 
9787535836915 
9787535836786 
9787539933832 
9787539933825 
9787539933733 
9787539933726 
9787539933672 
9787539933665 
9787539933627 
9787539933610 
9787539933573 
9787539933559 
9787539933474 
9787539933467 
9787539933399 
9787539933382 
9787539933375 
9787539933351 
9787539933252 
9787539931395 
9787020071975 
9787020044399 
780646834X
9787538727579 
9787538727562 
9787538727555 
9787538727548 
9787538727531 
9787538727524 
9787538727517 
9787538727500 
9787538727494 
9787538727487 
730704174X
9787562141815 
9787802441262 
9787541535468 
9787541535451 
9787541535444 
9787541535437 
9787536688162 
9787536688155 
9787229005610 
9787506344173 
9787506343039 
9787506342971 
9787506342872 
7506336448 
7530112120 
7530112112 
7530112090 
9787541433580 
9787541433566 
9787535839756 
9787122084323 
9787122084316 
9787122084309 
9787122084293 
7536683103 
753011008X
753010991X
720006100X
7200060992 
7200060976 
7200060968 
9787564022082 
9787564022075 
9787564022037 
9787564022020 
9787020049028 
9787222058330 
7536681909 
9787506346733 
7506324822 
7530207653 
9787541433597 
9787212028527 
9787530652220 
7805013586 
7805012857 
9787564022068 
9787564022051 
9787564022013 
9787564022006 
9787303079650 
9787535839732 
9787535837073 
9787535836533 
9787535830920 
9787020072323 
9787544416214 
753213072X
7532130738 
7532130681 
7532130630 
7307050331 
7562136572 
9787541526640 
9787511701503 
753668018x
9787536699625 
9787536693821 
7536680155 
7536680139 
7536680112 
7536680090 
9787532265329 
9787532265312 
9787532265305 
9787532265299 
9787532265282 
9787532265275 
9787532257652 
9787532257515 
9787532257508 
9787532257195 
9787532256921 
9787532256907 
9787532256891 
9787532256860 
9787532256853 
9787530118116 
7805012776 
7805012539 
7805012121 
7530115511 
7530115503 
9787535851109 
9787540444396 
9787540444389 
9787540444273 
9787540444266 
9787807595533 
7536673728 
7530112296 
7530112280 
7530112261 
7530112253 
9787535830975 
9787535825629 
9787212032593 
780501292X
753010859X
753010828X
7805012865 
7805012629 
7805012180 
7530110587 
9787535830838 
9787020054732 
753668195X
9787536695269 
9787536687219 
9787536687196 
9787536687189 
9787536691636 
9787536691629 
9787536691612 
9787536691605 
9787536691599 
9787229003913 
9787229003852 
753011610X
9787530119631 
9787530119587 
9787535833020 
9787535833013 
9787535833006 
9787535832993 
780679896X
7806797799 
7505608863 
7536680597 
7805012555 
7530110357 
9787535850911 
9787535820020 
9787535820013 
9787535820006 
9787541539237 
9787541539220 
9787541539213 
9787541539206 
9787541539190 
9787536689008 
7536669569 
7536669550 
7536669526 
7530207718 
780679297X
7530110233 
7530110225 
7530111810 
7530111796 
7530111788 
7530111780 
7530111761 
7536677529 
7536677510 
7536677502 
7530115171 
7530115163 
9787801288318 
7563377308 
7536680627 
7536678193 
7536677677 
9787536696013 
9787806201329 
9787510012389 
9787536699694 
7020050417 
7500057420 
9787510012266 
7500056966 
9787020040094 
7500057710 
9787540201586 
978754218843 
978754203450 
9787807246739 
9787807246738 
9787807246737 
9787807246736 
9787807246735 
9787807246734 
9787807246733 
9787807246732 
9787807246731 
9787807246730 
9787807245261 
9787807245254 
9787807245247 
9787806201336 
9787806201299 
9787806201091 
9787806201084 
9787510012426 
9787510012419 
9787510012365 
9787510012334 
9787510005961 
9787510005909 
9787510005893 
9787510005886 
7802203023 
9787510012358 
9787510012259 
9787536696396 
9787510012273 
7500057437 
7500056911 
9787536697232 
7500057413 
7500057291 
7020040071 
9787510014772 
9787510014765 
9787510014758 
9787510014741 
9787510014734 
9787510012907 
9787510012891 
9787510012884 
9787510012877 
9787510012433 
9787510011863 
9787510011856 
9787510011849 
9787510011832 
9787510011825 
9787510011818 
9787510011801 
9787510011795 
9787510011788 
9787510011771 
9787510011764 
9787510011757 
9787510011740 
9787510011733 
9787510011726 
9787510011719 
9787510011283 
9787510011276 
9787510011269 
9787510011252 
9787510011245 
9787510011238 
9787510011221 
9787510011207 
9787510011191 
9787510011184 
9787510011177 
9787510011160 
9787510011153 
9787510011146 
9787510011139 
9787510011122 
9787510011115 
9787510011108 
9787510011092 
9787510011085 
9787510011078 
9787510011061 
9787510011054 
9787510011047 
9787510011030 
9787510011023 
9787510011016 
9787510011009 
9787510010996 
9787510010989 
9787510010972 
9787510010965 
9787510010958 
9787510010941 
9787510010934 
9787510010927 
9787510010910 
9787510010903 
9787510010897 
9787510010880 
9787510010873 
9787510010866 
9787510010859 
9787510010842 
9787510010835 
9787510010828 
9787510010811 
9787510010804 
9787510010798 
9787510010781 
9787510010774 
9787510010767 
9787510010750 
9787510010743 
9787510010736 
9787510010729 
9787510010712 
9787510010705 
9787510010699 
9787510010682 
9787510010675 
9787510010668 
9787510010651 
9787510010644 
9787510010637 
9787510010620 
9787510010613 
9787510010606 
9787510010590 
9787510010453 
9787020065363 
9787020064328 
9787020061907 
7500056973 
9787510005978 
9787510005954 
9787510005947 
9787510005930 
9787510005923 
9787510005916 
9787811325744 
9787811325690 
9787811325683 
9787811325669 
9787811325638 
9787811325607 
9787811325591 
9787811325584 
9787811325560 
9787811325515 
9787811325508 
9787811325492 
9787811325485 
9787811325478 
9787811325461 
9787811325454 
9787811325430 
9787811325423 
9787811325416 
9787811325409 
9787811325393 
9787811325379 
9787811325348 
9787811325324 
9787811325317 
9787811325300 
9787811325294 
9787811325263 
7500057390 
9787510014468 
9787811325720 
9787811325706 
9787811325676 
9787811325546 
9787811325539 
9787811325447 
9787811325362 
9787811325355 
9787811325287 
9787811325270 
9787020064793 
9787020064748 
9787020064359 
9787020059379 
7020058272 
7500057499 
7500057321 
7500057314 
9787811325737 
9787811325713 
9787811325652 
9787811325645 
9787811325621 
9787811325614 
9787811325577 
9787811325553 
9787811325522 
9787811325386 
9787811325331 
9787811325256 
9787020064397 
9787020061099 
9787020059669 
9787020059386 
9787020059317 
7020064876 
7020040063 
7020038956 
7500056980 
7500056928 
7020064507 
9787020064380 
9787020059676 
9787020059614 
9787020059607 
9787020059515 
9787020059508 
9787020059492 
9787020051779 
9787020051649 
9787020050277 
7020064841 
7020051685 
7020051677 
7020051669 
7020051650 
7020051480 
7020051472 
7020050379 
7020050360 
7020050352 
7020050344 
7020050190 
7500056997 
702004008X
9787020064373 
9787020061389 
7020062717 
7020058019 
7020057268 
7020052185 
7020051812 
7500057093 
7500056959 
9787538533033 
9787538532098 
9787538531992 
7020064515 
9787806797167 
9787020063918 
7020059031 
7020059007 
7500057734 
7500057383 
7500057109 
7500057055 
7500057024 
9787020060054 
9787020060016 
9787020060009 
9787020059980 
7020058000 
7020056350 
7500057307 
7500057277 
7500057116 
7500057048 
702005904X
702005658X
9787020061082 
9787020059959 
7020062733 
7020059023 
7500057628 
7500057475 
7500057369 
7500057345 
7500057338 
7500057253 
7500057000 
7806798234 
780732497X
7807322691 
9787020059942 
7500057536 
7500057086 
7500057079 
7500057017 
7500056072 
9787807321408 
7020054757 
7020040101 
7500057727 
7500057512 
7500057468 
7500057123 
7807324376 
7807324368 
7806799729 
9787544800808 
7020054749 
7020040098 
7500057505 
7500057451 
7500057062 
9787807323303 
7104024999 
7020040055 
702004011X
7020044395 
7500057444 
7500057406 
7500057031 
7500057376 
7500057284 
7802201489 
7802200946 
7020040047 
9787541813359 
9787541813358 
9787541813357 
9787541813356 
9787541813355 
9787541813354 
9787541813353 
9787541813352 
7500057529 
7500056935 
9787536688445 
9787536688438 
7536680147 
7536680104 
7536680074 
7500056942 
7500057482 
9787500844990 
9787802117877 
9787122062307 
9787802513020 
9787802118812 
9787802118713 
9787802118683 
9787562451560 
9787562450340 
9787563920792 
9787563920655 
9787563920648 
9787560154046 
9787560154022 
9787807242840 
9787807242833 
9787807242826 
9787807242819 
9787807242802 
9787807242796 
9787806858325 
9787806858318 
9787806858303 
9787806858301 
7532130886 
9787802288898 
9787802288829 
9787507828634 
9787802115637 
9787562448460 
9787563922482 
9787563920808 
9787563920716 
9787806204849 
9787806204832 
9787562446743 
9787562446514 
9787802513884 
9787807242871 
9787505422988 
9787121107177 
9787121107160 
9787121107153 
9787121107146 
9787121107139 
9787121107115 
9787122062314 
9787115192073 
9787115191786 
9787500825296 
9787534390685 
9787542847768 
9787802205260 
9787530655573 
9787564029432 
9787564029395 
9787564029388 
9787534385094 
9787807242970 
9787807242963 
9787807242956 
9787807242949 
9787807242932 
9787807242895 
9787807242888 
9787807242864 
9787807242857 
9787802112254 
9787564028992 
9787562443971 
9787562422525 
7564001933 
9787122062284 
9787122062277 
9787122062260 
9787534392443 
7806467416 
9787802340992 
9787200081909 
9787564029050 
9787564026721 
9787801459596 
9787122057167 
9787534390692 
9787545107708 
9787542841162 
9787806568883 
9787801080905 
9787801080899 
9787801080882 
9787801080875 
9787801080851 
9787801080820 
9787801080813 
9787801080806 
9787801080790 
9787801080783 
9787510408618 
9787510408434 
9787544706636 
9787802203808 
9787500791904 
9787500791898 
9787500791881 
9787500791874 
9787500791867 
9787500791850 
9787500791843 
9787500791836 
9787500791829 
9787500791812 
9787500791805 
9787500791799 
9787500791782 
9787500791775 
9787500791768 
9787500791751 
9787802118591 
9787802118584 
9787802118577 
9787802118560 
9787802117549 
9787802117532 
9787802117525 
9787802117518 
9787802116856 
9787802116849 
9787802116832 
9787802116825 
9787802116061 
9787802116054 
9787802116047 
9787802116030 
9787562453314 
9787807626060 
9787807626053 
9787303107971 
9787807400738 
9787511703583 
9787511703576 
9787511703569 
9787511703552 
9787511703521 
9787511703514 
9787511700957 
7530643089 
7200061700 
9787564029869 
9787506034586 
9787540440497 
7307050146 
7307050138 
7307050130 
7307050111 
7307050103 
7307050100 
7307050081 
7307050073 
7307050065 
9787802288935 
9787802340206 
9787506345392 
9787542841148 
9787807400653 
9787307054752 
9787562446941 
9787562446675 
9787562446026 
9787562445661 
9787534380334 
9787506036788 
9787562446385 
9787562445685 
9787542841155 
9787542841131 
9787542841124 
9787542841117 
9787510022432 
9787510022425 
9787510022364 
9787510020568 
9787510020551 
9787510020506 
9787510020490 
9787510020476 
9787510020469 
9787510020452 
9787510020445 
9787510020438 
9787510020421 
9787510020391 
9787510020353 
9787510020346 
9787510020117 
9787510020087 
9787510020056 
9787510020032 
9787510019807 
9787510019791 
9787510016400 
9787510016394 
9787510016363 
9787510016356 
9787510016349 
9787510016332 
9787510016325 
9787510016318 
9787510016301 
9787510016295 
9787510016288 
9787510016271 
9787510016264 
9787510016257 
9787510016240 
9787510016233 
9787510016226 
9787510016219 
9787510016202 
9787510016196 
9787510016189 
9787510016172 
9787510016165 
9787510016158 
9787510016141 
9787510016127 
9787510016110 
9787510016103 
9787510016073 
9787510016066 
9787510016059 
9787510016042 
9787510016035 
9787510016028 
9787510015915 
9787510015861 
9787510015854 
9787510015847 
9787510015823 
9787510015816 
9787510015786 
9787510015779 
9787510015755 
9787510015748 
9787510015731 
9787510015724 
9787510015717 
9787510015700 
9787510015694 
9787510015687 
9787510015663 
9787510015656 
9787510015649 
9787510015632 
9787510015625 
9787510015618 
9787510015601 
9787510015588 
9787510015564 
9787510015557 
9787510015540 
9787510015533 
9787510015519 
9787510015458 
9787510015441 
9787510015434 
9787510015403 
9787510015380 
9787510015373 
9787510015342 
9787510015328 
9787510015236 
9787510014901 
9787510014888 
9787510014727 
9787510014710 
9787510014703 
9787510014697 
9787510014680 
9787510014673 
9787510014666 
9787510014536 
9787510014529 
9787510014512 
9787510014505 
9787510014499 
9787510014420 
9787510014406 
9787510014390 
9787510014383 
9787510014369 
9787510014352 
9787510014345 
9787510014338 
9787510014321 
9787510014307 
9787510014284 
9787510012822 
9787510012815 
9787510012785 
9787510012778 
9787510012761 
9787510012747 
9787510012730 
9787510012723 
9787510012709 
9787510012693 
9787510012686 
9787510012679 
9787510012242 
9787510012235 
9787510012228 
9787510012204 
9787510012181 
9787510012082 
9787510012075 
9787510012068 
9787510012051 
9787510012044 
9787510012037 
9787510012020 
9787510012013 
9787510012006 
9787510011993 
9787510011986 
9787510011979 
9787510011962 
9787510011948 
9787510011931 
9787510011924 
9787510011665 
9787510011658 
9787510011641 
9787510011634 
9787510010545 
9787510010538 
9787510010521 
9787510010514 
9787510010507 
9787510010491 
9787510010446 
9787510010439 
9787510007224 
9787510007217 
9787510007200 
9787510007194 
9787510007187 
9787510007170 
9787510007095 
9787510007088 
9787510007071 
9787510007064 
9787510007057 
9787510007040 
9787510007033 
9787806807958 
9787806807941 
9787806807934 
9787806807927 
9787806807910 
9787806807903 
9787806807897 
9787806807880 
9787806807873 
9787806807866 
9787806807859 
9787806807842 
9787806807835 
9787806807828 
9787511703033 
9787511703026 
9787511703019 
9787511703002 
9787511702999 
9787511702982 
9787511702975 
9787511702968 
9787511702951 
9787511702944 
9787564029883 
9787564014292 
9787564014285 
9787564014278 
9787564014261 
9787564002268 
9787802433663 
9787122017178 
9787122017024 
9787122016263 
9787560153766 
9787560153759 
9787560153742 
9787560153735 
9787560153728 
9787560153711 
9787560153704 
9787560153698 
9787560153681 
9787560153674 
9787534396175 
9787534396168 
9787534396076 
9787807402480 
9787807401001 
9787807400998 
7807403036 
7806468838 
9787115168153 
9787562448700 
9787562447880 
9787564021443 
9787564021436 
9787564021429 
9787564021412 
9787564021405 
9787564021399 
9787564021382 
9787564021375 
9787510012662 
9787510006890 
9787510006883 
9787510006715 
9787510006708 
9787510006692 
9787510006685 
9787510006678 
9787510006661 
9787510006654 
9787510006647 
9787510006630 
9787510006623 
9787510006616 
9787510006609 
9787510006593 
9787510006586 
9787510006579 
9787510006340 
9787510005879 
9787510005862 
9787510005855 
9787510005848 
9787510005831 
9787510005824 
9787510005817 
9787510005800 
9787510005794 
9787510005787 
9787806808047 
9787806808030 
9787806808023 
9787806808016 
9787542843708 
7564005726 
9787303103690 
9787303103621 
9787303103560 
7806468129 
9787801459480 
9787801459459 
9787801459435 
9787801459428 
9787122016232 
9787510012754 
9787510012716 
9787545204179 
9787545204162 
9787547001141 
9787547001134 
9787547001127 
9787547001110 
9787547001103 
9787562448820 
9787802431881 
9787802431225 
7530115359 
7530115332 
9787564029876 
9787564029852 
9787303103713 
9787303103706 
9787303103683 
9787303103676 
9787303103652 
9787303103614 
9787303103607 
9787303103584 
9787303103577 
9787219068762 
9787219068748 
9787219065884 
9787219065877 
9787219065860 
9787219065853 
9787219065846 
9787219065839 
9787216059787 
9787216059770 
9787216059763 
9787216059756 
9787216059749 
9787115135797 
9787544708791 
9787562439318 
9787562428503 
9787534396328 
9787303103737 
9787303103720 
9787303103669 
9787303103645 
9787303103638 
9787303103591 
9787534394911 
9787534390845 
9787534390838 
9787534390821 
9787542843005 
9187201484127 
9787544707718 
9787544707312 
9787544706582 
9787800948312 
9787800946905 
9787800944475 
9787800943867 
9787801838032 
9787801837974 
9787801837912 
9787801837905 
9787801837882 
9787801837257 
9787538729719 
9787538729672 
9787538729665 
9787538729658 
9787538729627 
9787530649640 
9787807428541 
9787807428534 
9787807428527 
9787807428510 
9787807428503 
9787807428497 
9787807428480 
9787807428473 
9787807428466 
9787807428459 
9787807428442 
9787807428435 
9787807428428 
9787807428411 
9787807428404 
9787807428398 
9787807428381 
9787807428374 
9787807428367 
9787807428350 
9787807428343 
9787807428336 
9787807428329 
9787807428312 
9787807428305 
9787807428299 
9787807428282 
9787807428275 
9787807428268 
9787807428251 
9787530123720 
9787530123652 
9787530123553 
9787564012373 
9787802431171 
9787802431157 
9787802431140 
9787802430204 
9787802430112 
9787802430099 
9787801839824 
9787801839817 
9787801839671 
9787801839480 
9787801839466 
9787801839251 
9787801839244 
9787801839237 
9787801839220 
9787801839145 
9787801838742 
9787801838643 
9787801838063 
9787801838056 
9787801838049 
9787801838018 
9787801838001 
9787801837998 
9787801837981 
9787122085238 
9787122084958 
9787122084941 
9787122084934 
9787206065729 
9787206061981 
9787206061974 
9787206061967 
9787206061950 
9787206061943 
9787206061936 
9787206061592 
9787806567463 
9787538725377 
9787538725360 
9787538725353 
9787538725346 
9787538725339 
9787538725315 
9787538725308 
9787530817698 
7530817671 
7530817655 
7530817647 
7530817639 
7530817620 
7530817612 
7530817604 
9787544706568 
9787200082630 
9787200082616 
9787544706575 
9787506345071 
9787544706551 
9787564016791 
9787564016784 
9787564016777 
9787564016760 
9787564013103 
9787564013097 
9787534390876 
9787534390869 
9787534390852 
9787534390814 
9787534390807 
9787534390791 
9787544706544 
7800876668 
9787507831559 
9787507831542 
9787501518524 
9787501518517 
9787501518500 
9787501518494 
9787501518487 
9787501518470 
9787501518463 
9787501518456 
9787501518449 
9787501518432 
9787501518425 
9787501518418 
9787530123898 
9787530123850 
9787530123836 
9787530123829 
9787530123812 
9787530123751 
9787530123737 
9787530123706 
9787530123690 
9787530123683 
9787530123676 
9787530123669 
9787530123638 
9787530123621 
9787530123607 
9787530123577 
9787530123560 
9787530123539 
9787530123515 
9787530123508 
9787115135789 
9787115135770 
9787544706605 
9787806899854 
9787806899853 
9787806899852 
9787806899851 
9787564013028 
9787544503891 
9787544503884 
9787544503877 
9787544503860 
7307040638 
9787507831528 
7806998993 
7806998985 
7806998977 
7806998667 
9787115187239 
9787564013035 
9787303044931 
9787534394904 
9787542847515 
9787807031824 
9787807031822 
9787807031816 
9787807031808 
9787807031026 
730703963X
9787544708890 
750007204x
9787562452966 
9787562452782 
9787562428459 
7807535806 
9787530648698 
9787530648681 
9787530648674 
9787530648636 
9787530648629 
9787530648605 
9787544710312 
9787303108398 
9787530656549 
9787530123881 
9787530123713 
9787530123591 
9787530123522 
9787530123379 
9787530123331 
9787544706599 
9787802119703 
9787802119697 
9787802119680 
9787802119673 
9787802119666 
9787802119659 
9787802119642 
9787802119635 
9787802119628 
9787802119611 
9787802119604 
9787802119598 
9787530655832 
9787530655801 
7105031352 
9787544711982 
9787506347662 
7506334933 
9787538533170 
9787538533163 
9787538533156 
9787538533149 
9787538533132 
9787538533125 
9787538533118 
9787538533101 
9787538533095 
9787538532982 
9787530646779 
7530643321 
7200059838 
7200059812 
7200059804 
9787544501804 
9787544501798 
9787544501781 
9787544501774 
9787544501767 
7105012587 
9787544710473 
7105021926 
9787530655856 
9787530655849 
9787530655825 
7105027258 
7105024461 
7105008148 
9787115150222 
9787544710497 
9787544708326 
9787544707329 
9787802342217 
9787115188908 
9787115188717 
9787115188663 
7105060301 
7105060271 
7105059141 
7105020075 
"978544513234
"
"978544513227
"
780753821X
9787212034429 
9787212034412 
9787212034405 
9787212034399 
9787212034382 
9787212032746 
9787212032739 
9787212032722 
9787212032715 
9787212032708 
9787212032692 
9787212032685 
9787212032678 
9787212032661 
9787212032654 
9787212032647 
9787212032630 
9787212032623 
9787212032616 
9787212015749 
9787530652206 
753011526X
7530115278 
7530115252 
7530115236 
7530115228 
7530115201 
9787806564202 
9787806564195 
9787806564189 
9787806564172 
9787806564055 
9787806564047 
9787806564039 
9787806564020 
9787806564012 
9787806564004 
9787806563997 
9787806563989 
9787201044187 
9787201044170 
9787201044163 
9787201044156 
9787201044149 
9787115135819 
9787115128006 
9787115127999 
9787115127867 
9787115127859 
9787115126062 
710501279X
7105004908 
7105006420 
7105012145 
7105052163 
7105028297 
7105013559 
978780856716x
710506028X
7105019867 
7105012838 
7105059133 
7105010320 
7105002654 
7105020105 
7105014857 
7105002263 
7530112032 
710506031X
710502030X
7105060387 
7105009799 
7105004835 
7105004509 
7105002948 
7105001909 
9787115218087 
9787115217905 
9787115217813 
9787115217332 
9787115165280 
9787115165270 
9787115135916 
9787541539275 
9787541539268 
9787541539251 
9787541539244 
7105025999 
7105018615 
7105015462 
753011199X
7530112059 
7530111981 
7530111973 
7105059109 
7105028300 
7105013516 
7105007257 
7105005203 
7105004479 
7105000287 
7105021918 
7105013540 
7105004894 
7105001127 
7105059117 
7105059125 
7105007885 
7105007524 
7105006412 
7105017457 
7105060298 
9787505117303 
9787503425370 
9787202049884 
9787561776537 
9787105057313 
9787209046749 
9787507327465 
9787544507042 
9787503426049 
9787503424960 
9787503424953 
9787563917792 
9787563917785 
9787563917648 
9787100057271 
9787563919376 
9787563918577 
9787563918560 
9787209046732 
9787100054911 
9787509803349 
9787503425608 
9787507327977 
9787507327724 
9787507323757 
9787562445746 
9787544505772 
9787533452353 
9787209050524 
9787222061064 
9787800879968 
9787800879951 
9787800879944 
9787800879937 
9787800879920 
9787800879913 
9787561772201 
9787561769300 
9787216056946 
9787307054882 
9787224091007 
9787544507622 
9787544507615 
9787544507592 
9787510405617 
9787222058316 
9787509803271 
9787509803004 
9787507327694 
9787507321258 
7507315096 
9787507329575 
9787806649916 
9787544506281 
9787544504973 
9787544504317 
9787224091397 
9787224089875 
9787212032289 
9787544511506 
9787216060103 
9787224089882 
9787509804834 
9787802341784 
9787802340725 
9787802340701 
9787802340695 
9787224091403 
9787212034542 
9787212033217 
9787212032494 
9787212032319 
9787212032302 
9787212032296 
9787806647042 
9787806043424 
9787544507585 
9787544507578 
9787544504836 
9787544504812 
9787544503792 
9787219066164 
9787216058063 
9787216047838 
9787214061409 
9787020037452 
9787209049603 
9787209048859 
9787224089899 
9787201062075 
9787541540844 
9787541540837 
9787541540820 
9787541540813 
9787541540806 
9787541540790 
9787541540783 
9787541540776 
9787541540769 
9787541540752 
9787541540745 
9787541540738 
9787802341760 
9787802341753 
9787802340732 
9787802340718 
9787507328813 
9787562443766 
9787020077397 
9787224091410 
9787212034559 
9787544507219 
9787544507202 
9787544507172 
9787544507165 
9787206067150 
9787206067143 
9787206067136 
9787206067129 
9787206067112 
9787206067105 
9787206067099 
9787206067082 
9787206067075 
9787206067051 
9787206067044 
9787206067037 
9787206067020 
9787209050500 
9787100059244 
9787100058728 
9787536686687 
9787224091427 
9787212033590 
9787544507196 
9787544507189 
9787544507158 
9787561767757 
9787214052384 
9787214052117 
9787209051200 
9787802214866 
7801698592 
9787562439820 
9787503424175 
9787107166235 
9787107165368 
9787544502917 
9787506035996 
9787561771310 
9787010084695 
9787100066907 
9787544511513 
9787010087757 
9787100059794 
9787801898555 
9787507329667 
9787214039774 
9787212030599 
9787227042372 
9787509802687 
9787503524516 
9787507322767 
9787562452515 
9787212034979 
9787212030711 
9787212030704 
9787212030582 
9787212018337 
9787216056052 
9787020069538 
9787209046800 
9787201062327 
9787509803554 
9787544504492 
9787561773505 
9787561773499 
9787561773482 
9787561773475 
9787561773468 
9787206060403 
9787206060397 
9787206060229 
9787206060212 
9787206060205 
9787206060199 
9787214045461 
9787201060422 
9787212018832 
7801694988 
9787503524493 
9787212018368 
9787543859661 
9787214046666 
9787020070381 
9787220080425 
9787220077937 
7307038951 
9787503524509 
9787562452362 
9787562445876 
7107071025 
9787212018900 
9787212018436 
9787212018184 
9787212031572 
9787212018580 
9787220079870 
9787212018955 
9787212018450 
9787212018443 
9787561772102 
9787214062444 
9787214060181 
9787214059475 
9787214056023 
9787220078057 
9787220078040 
9787220078033 
9787220078026 
9787220078019 
9787220078002 
9787220077999 
9787220077982 
9787220077975 
9787220077968 
9787220077951 
9787220077890 
9787562446552 
9787107134821 
9787561772119 
9787562452140 
9787562451464 
9787562449737 
9787562449034 
9787212016692 
9787561772096 
7307046660 
9787201043616 
9787201036618 
9787107129636 
9787201036625 
9787201036601 
9787201036533 
9787214049803 
9787562432746 
9787562447160 
9787562446682 
9787562443667 
9787227020431 
9787501184477 
9787807308621 
9787802117099 
9787510012099 
9787100055697 
9787505417984 
9787802513976 
9787802513969 
9787802513921 
9787802513723 
9787802511989 
9787530957578 
9787530957431 
9787530957424 
9787530957417 
9787802287105 
9787802280335 
9787802280137 
9787505422575 
9787505421516 
9787505421509 
9787505420243 
9787505418813 
9787505418059 
9787802068155 
9787802068148 
9787802068131 
9787802068124 
9787560154213 
9787560154206 
9787560154190 
9787560154176 
9787560154091 
9787560154077 
9787802289918 
9787802288768 
9787802288256 
9787802287167 
9787802287068 
9787802287051 
9787802286306 
9787802286153 
9787802286139 
9787802285392 
9787801871428 
9787510407536 
9787510407529 
9787510402920 
9787510402227 
9787510401206 
9787802115330 
9787303099795 
9787802513488 
9787505609051 
7505609099 
7505609082 
7505609075 
7505609068 
9787510403545 
9787802117778 
9787802113855 
9787506343664 
7107124498 
9787564018443 
9787564018412 
9787564018405 
9787505422698 
9787564016258 
9787505423886 
9787505423732 
9787505420137 
9787505419148 
9787802513891 
9787802513532 
9787802513273 
9787802513044 
9787227023135 
9787227023128 
9787227023111 
9787510405594 
9787505423626 
9787505423602 
9787505423534 
9787505423527 
9787505422483 
9787122076441 
9787802513839 
9787510409943 
9787510409448 
9787510409431 
9787510403583 
9787510403576 
9787505418691 
7107180304 
9787530651070 
9787505423916 
9787505423756 
9787303099764 
9787561775424 
9787561764114 
9787802514140 
9787802512931 
9787545204513 
9787545204506 
9787545204490 
9787801416759 
9787530959695 
9787530958759 
9787530958704 
9787530958513 
9787510406966 
9787510406959 
9787510402401 
9787506343350 
9787560141688 
9787560141657 
9787563923052 
9787563923045 
9787563922345 
9787563921486 
9787303100729 
9787564029562 
9787564029487 
9787564022297 
9787564022280 
9787564021856 
9787564021849 
9787564021719 
9787564021603 
9787564020293 
9787303104833 
9787505422209 
9787505422094 
9787505421899 
9787505421608 
9787505421387 
9787505421363 
9787505421172 
9787505421028 
9787505420946 
9787505420236 
9787505420212 
9787505420144 
9787505419834 
9787505418493 
9787505418233 
9787505418226 
9787505418219 
9787505417427 
9787801459947 
9787561770177 
9787561769027 
9787561761793 
9787561758014 
9787561749760 
9787806002138 
9787806002081 
9787709608197 
9787227031802 
9787227018865 
9787510012310 
9787510012280 
9787510012112 
9787802513570 
9787802288683 
9787510407574 
9787510400889 
9787510400872 
9787500841302 
9787802204065 
9787802204058 
9787802204041 
9787802204034 
9787540444280 
9787561752890 
9787010082172 
7107126016 
9787802116771 
9787505418257 
9787505418240 
9787802068094 
9787802068087 
9787802068070 
9787802068063 
9787560141695 
9787560141671 
9787560141664 
9787510012532 
9787510012303 
9787543850958 
9787543850941 
9787543850934 
9787563923397 
9787563921232 
9787564030445 
9787564024338 
9787303101825 
9787303099788 
9787505423541 
9787505423510 
9787505423503 
9787505422711 
9787505422704 
9787505421820 
9787505420298 
9787533451844 
9787561765074 
9787508043982 
9787509609552 
9787806200094 
9787806200087 
9787806200063 
9787209048613 
9787501183449 
9787802287945 
9787500845454 
9787500845447 
9787500844501 
9787050084128 
9787802119963 
9787802119406 
9787802117471 
9787802114371 
9787801716835 
9787802068056 
9787802068049 
9787807241055 
9787807241039 
9787510012129 
9787801097408 
9787303101832 
9787510012556 
9787510012495 
9787500846475 
9787563920778 
9787564019945 
9787564018603 
9787564015077 
9787807535208 
9787807535201 
9787807535119 
9787807535102 
978780600209X
9787807246367 
9787807246350 
9787807246343 
9787807246336 
9787807246312 
9787807246305 
9787807246282 
9787807246275 
9787807246268 
9787807246251 
9787807246244 
9787807244585 
9787807244530 
9787807243625 
9787806009390 
9787510022388 
9787510012525 
9787510012488 
9787500846062 
9787500842293 
9787563921127 
9787505421837 
9787505421431 
9787227041863 
9787806200056 
9787802321151 
9787802320246 
9787802320178 
9787802320130 
9787802320127 
9787802320109 
9787802320048 
9787800099984 
9787800099854 
9787800099847 
9787800099830 
9787800099823 
9787800099793 
9787800099786 
9787800099717 
9787800099700 
9787800099695 
9787800099656 
9787800099649 
9787800099632 
9787800099564 
9787800099557 
9787800099533 
9787800099359 
9787800099328 
9787800099274 
9787800099180 
9787800099120 
9787800099113 
9787800099106 
9787800098970 
9787800098956 
9787800098888 
9787510012105 
9787500845850 
9787500842385 
9787507816914 
9787511700285 
9787510022289 
9787510022265 
9787510019777 
9787510019760 
9787510019753 
9787510019746 
9787510019739 
9787510019722 
9787510019685 
9787510019678 
9787510019661 
9787510016455 
9787510016431 
9787510016424 
9787510016417 
9787510016004 
9787510015991 
9787510015977 
9787510015953 
9787510015908 
9787510015892 
9787510015106 
9787510015083 
9787510015076 
9787510015052 
9787510015045 
9787510015021 
9787510015014 
9787510014987 
9787510014963 
9787510014956 
9787510014949 
9787510014932 
9787510014659 
9787510014642 
9787510014635 
9787510014628 
9787510014482 
9787510014475 
9787510012808 
9787510012792 
9787510012655 
9787510012648 
9787510012631 
9787510012624 
9787510012617 
9787510012594 
9787510012570 
9787510010583 
9787510010576 
9787510010569 
9787510010552 
9787806807811 
9787806807804 
9787806807798 
9787806807781 
9787806801499 
9787080680782 
9787801097385 
9787563923496 
9787563922840 
9787563920730 
9787505424012 
9787505423787 
9787505423688 
9787505423671 
9787505420168 
9787505418868 
9787506037631 
9787540439200 
9787561776322 
9787561766682 
9787561766361 
9787561764633 
9787561763223 
9787561762493 
9787561757994 
9787561757376 
9787561752487 
9787508051789 
9787807039273 
9787510012518 
9787547001172 
9787501190836 
9787802342354 
9787500843504 
9787500843030 
9787500843016 
9787500842996 
9787500842835 
9787507813159 
9787540441661 
9787807028567 
9787807028550 
9787807028543 
9787807028529 
9787807028512 
9787807028505 
9787807028482 
9787807028475 
9787807028468 
9787807028451 
9787807028420 
9787807028413 
9787807028406 
9787807028390 
9787807028383 
9787807028376 
9787807028369 
9787807028345 
9787807028321 
9787807028314 
9787807028307 
9787807028284 
9787807028277 
9787807028260 
9787807028239 
9787807028222 
9787807028208 
9787807028192 
9787807028185 
9787807028178 
9787807028161 
9787807028116 
9787807028109 
9787807028093 
9787807028086 
9787807028079 
9787807028048 
9787807028031 
9787807027997 
9787807027973 
9787510012549 
9787564013929 
9787209049788 
9787507813135 
9787801459756 
9787215071254 
9787215071247 
9787215071230 
9787215071223 
9787215071216 
9787215071209 
9787215071117 
9787215071100 
9787215071094 
9787215071087 
9787215071070 
9787215071063 
9787215071056 
9787215071049 
9787215070844 
9787215070837 
9787215070820 
9787215070813 
9787215070806 
9787215070790 
9787807241047 
9787227034520 
9787806200070 
9787536824348 
9787510016448 
9787510012860 
9787510012846 
9787510012839 
9787510012600 
9787510012587 
9787543042957 
9787801097392 
9787010075945 
9787010074504 
9787100066990 
9787538724851 
9787506343176 
9787540445164 
9787540445157 
9787540445140 
9787540443665 
9787540441142 
9787540441135 
9787540441128 
9787214056733 
9787547500811 
9787547500804 
9787547500798 
9787547500781 
9787547500774 
9787503938467 
9787503938450 
9787503938443 
9787503938436 
9787503938429 
9787503937910 
9787500839644 
9787564020552 
9787564020545 
9787509608258 
9787010080918 
9787802283671 
9787802283091 
9787801878427 
9787801875105 
9787500846017 
9787802118324 
9787564020194 
9787506024396 
9787510012150 
9787510012143 
9787533451868 
9787508049304 
9787807038238 
9787510019555 
9787307057555 
9787500841739 
9787500840367 
9787500837640 
9787802118195 
9787802113664 
9787545303568 
7506329395 
9787200075168 
780731480X
7807314818 
807537558 
9787540441654 
9787540441647 
9787540441548 
9787540441531 
9787540441524 
9787540441517 
9787540441500 
9787540441494 
9787540441487 
9787561768648 
9787561764343 
9787561758274 
9787561748954 
9787538725063 
9787538725056 
9787538725049 
9787538725032 
9787538725025 
9787538724998 
9787538724981 
9787538724974 
9787510014376 
9787510012136 
9787547002247 
9787547002230 
9787547002223 
9787547002216 
9787547002209 
9787562126828 
9787511001818 
9787511001795 
9787511001788 
9787511001771 
9787511001764 
9787511001757 
9787511001740 
9787511001733 
9787511001726 
9787511001719 
9787511001689 
9787511001672 
9787511001641 
9787511001634 
9787511001627 
9787530125182 
9787530125175 
9787530125168 
9787530125151 
9787564019556 
9787564019549 
9787561752920 
9787807301257 
9787807301240 
9787807301233 
9787806688601 
9787806687918 
9787538726794 
9787538726718 
9787538726701 
9787538726695 
9787538726688 
9787807597797 
9787807596370 
9787500079118 
9787500839927 
9787507827521 
9787802203501 
7561749724 
7561748264 
9787807578406 
9787807578390 
9787807577188 
9787807577171 
9787807573678 
9787807573661 
9787807573654 
9787807573647 
9787807571476 
9787807571469 
9787807571339 
9787807571322 
9787806806949 
9787806806948 
9787806806947 
9787806806946 
9787806806945 
9787806806941 
9787530647400 
7107133527 
9787543860490 
9787561752913 
9787561752395 
7561748140 
9787561766989 
7107181777 
7561749740 
7561749708 
9787533927578 
9787807571650 
9787807571643 
9787807571636 
9787807571629 
9787807571612 
9787807571605 
9787807571599 
9787530652183 
9787530652138 
9787561737842 
9787540441555 
9787500846505 
9787212021344 
9787561748848 
7561748914 
7561748906 
7561748892 
7561748884 
7561748876 
7561748833 
7561748825 
7561748809 
7561748256 
753213069X
7532130746 
7532130711 
7532130703 
7532130673 
7532130657 
7532130622 
7532130614 
7532130606 
9787802446939 
7806069259 